0
0
0
0
0
0
15.68
31.36
47.03
62.71
78.39
94.07
109.74
125.42
141.1
156.78
172.46
179.84
191.04
196.4
196.4
205.31
205.31
214.36
214.36
226.54
226.54
236.82
236.82
248.03
248.03
260.65
260.65
270.99
270.99
283.23
283.23
289.54
289.54
298.68
298.68
298.68
314.35
314.57
325.54
325.54
336.2
336.2
345.21
345.21
355.66
355.66
366.18
366.18
376.85
376.85
386.94
386.94
396.1
396.1
406.09
406.09
414.89
414.89
423.22
423.22
433.58
433.58
443.23
443.23
452.69
452.69
462.62
462.62
472.86
472.86
483.13
483.13
492.54
492.54
501.3
501.3
510.9
510.9
524.07
536.09
536.09
546.99
546.99
557.86
557.86
569.01
569.01
578.01
578.01
588.31
588.31
596.89
596.89
606
606
615.49
615.49
624.55
624.55
633.91
633.91
644.3
644.3
654.84
654.84
665.39
665.39
676.04
676.04
687.63
687.63
698.51
698.51
709.88
709.88
720.66
720.66
733.27
733.27
744.23
744.23
753.98
753.98
763.98
763.98
773.56
773.56
783.38
788.54
788.54
799.04
799.04
809.65
809.65
820.26
820.26
831.54
831.54
842.38
842.38
852.99
852.99
863
863
873.46
873.46
884.32
884.32
895.81
895.81
906.53
906.53
917.17
917.17
927.41
927.41
936.78
936.78
947.67
947.67
959.14
959.14
968.69
968.69
978.4
978.4
988.64
988.64
988.64
1001.24
1001.24
1014.82
1014.82
1026.46
1026.46
1038.16
1038.16
1052.74
1052.74
1068.42
1070.22
1085.9
1087.55
1103.23
1106.74
1122.42
1138.1
1153.78
1169.45
1185.13
1200.81
1216.49
1232.17
1247.84
1263.52
1279.2
1294.88
1310.56
1326.23
1341.91
1357.59
1373.27
1388.94
1404.62
1420.3
1435.98
1447.8
1463.48
1478.15
1493.83
1505.31
1520.99
1530.1
1545.78
1559.02
1574.7
1585.56
1601.24
1610.18
1625.86
1636.7
1652.38
1662.78
1678.46
1690.35
1706.03
1717.12
1732.8
1745.28
1760.96
1774.53
1790.2
1801.57
1817.25
1827.01
1842.69
1855.48
1871.16
1884.16
1899.84
1910.59
1926.26
1936.14
1951.81
1963.88
1979.56
1993.76
2009.44
2018.85
2034.53
2045.36
2061.03
2073.96
2089.64
2105.32
2112.56
2128.24
2140.84
2156.52
2169.12
2184.8
2198.12
2213.8
2226.29
2241.97
2250.68
2266.36
2277.22
2292.89
2308.57
2319.81
2335.49
2351.17
2359.61
2359.61
2375.29
2385.69
2401.37
2415.05
2430.73
2441.02
2456.69
2465.37
2481.05
2487.53
2503.21
2515.09
2530.77
2542.93
2558.61
2570.75
2586.43
2598.82
2614.5
2627.37
2643.05
2653.26
2668.94
2679.14
2694.81
2703.94
2719.62
2730.69
2746.37
2756.18
2771.86
2785.52
2801.2
2813.95
2829.63
2841.65
2857.33
2868.78
2884.46
2896.12
2911.8
2922.89
2938.57
2949.1
2964.78
2976.27
2991.95
3005.8
3021.48
3032.23
3047.9
3061.08
3076.76
3089.73
3105.41
3117.31
3132.99
3145.18
3160.86
3172.39
3188.07
3201.16
3216.84
3228.84
3244.51
3256.16
3271.83
3283.78
3299.45
3310.18
3325.85
3338.49
3354.17
3367.38
3383.06
3394.53
3410.21
3425.89
3441.57
3457.24
3472.92
3488.6
3497.98
3511.95
3511.95
3521.19
3521.19
3534.35
3534.35
3543.99
3543.99
3554.65
3554.65
3564.14
3564.14
3577.16
3577.16
3591.87
3591.87
3596.5
3596.5
3605.32
3605.32
3614.94
3614.94
3624.81
3624.81
3634.34
3634.34
3642.93
3642.93
3652.75
3652.75
3660.67
3660.67
3670.54
3670.54
3681.02
3681.02
3689.3
3689.3
3689.3
3702.11
3707.53
3707.53
3717.36
3717.36
3725.33
3725.33
3735.03
3735.03
3745.02
3745.02
3755.03
3755.03
3766.46
3766.46
3776.57
3776.57
3788.06
3788.06
3797.62
3797.62
3807.63
3807.63
3819.92
3819.92
3831.33
3831.33
3843.61
3843.61
3853.28
3853.28
3863.43
3863.43
3876.03
3876.03
3885.02
3885.02
3897.7
3897.7
3908.3
3908.3
3919.64
3919.64
3930.48
3930.48
3941.92
3941.92
3951.55
3951.55
3962.61
3962.61
3972.9
3972.9
3983.56
3983.56
3993.71
3993.71
4004.78
4010.22
4010.22
4020.94
4020.94
4020.94
4034.81
4034.81
4044.85
4044.85
4056.21
4056.21
4067.82
4067.82
4077.55
4077.55
4088.65
4088.65
4100.11
4100.11
4109.07
4109.07
4119.68
4119.68
4130.14
4130.14
4139.47
4139.47
4149.59
4149.59
4160.76
4165.82
4165.82
4175.84
4175.84
4184.87
4184.87
4196.24
4196.24
4207.23
4207.23
4217.77
4217.77
4227.11
4227.11
4237.39
4237.39
4246.92
4246.92
4255.13
4255.13
4267.19
4273.03
4273.03
4285.39
4285.39
4296.91
4296.91
4308.27
4308.27
4318.6
4318.6
4329.54
4329.54
4339.15
4339.15
4348.93
4348.93
4359.9
4359.9
4359.9
4369.09
4369.09
4380.25
4380.25
4391.63
4391.63
4400.87
4400.87
4411.38
4411.38
4421.72
4421.72
4433.24
4433.24
4448.92
4453.06
4468.74
4472.51
4488.19
4491.3
4506.98
4510.93
4526.61
4535.13
4550.81
4566.49
4582.16
4597.84
4613.52
4629.2
4644.88
4660.55
4676.23
4691.91
4707.59
4723.27
4738.94
4754.62
4770.3
4785.98
4801.65
4817.33
4833.01
4848.69
4864.37
4880.04
4895.72
4911.4
4927.08
4942.76
4958.43
4974.11
4989.79
5005.47
5021.14
5036.82
5052.5
5068.18
5083.86
5099.53
5115.21
5130.89
5146.57
5162.25
5177.92
5193.6
5209.28
5224.96
5240.63
5256.31
5271.99
5287.67
5303.35
5319.02
5334.7
5350.38
5366.06
5381.74
5397.41
5413.09
5428.77
5444.45
5460.12
5475.8
5491.48
5507.16
5522.84
5538.51
5554.19
5569.87
5585.55
5601.23
5616.9
5632.58
5648.26
5663.94
5679.61
5695.29
5710.97
5726.65
5742.33
5758
5773.68
5789.36
5805.04
5820.71
5836.39
5852.07
5867.75
5883.43
5899.1
5914.78
5930.46
5946.14
5950.04
5965.72
5971.58
5987.26
6000.98
6016.66
6032.34
6036.1
6051.78
6067.46
6076.41
6092.08
6105.99
6121.67
6132.19
6147.87
6158.16
6173.84
6185.88
6201.55
6210.75
6226.43
6236.19
6251.87
6264.48
6280.16
6292.91
6308.59
6318.12
6333.8
6349.47
6365.15
6379.2
6394.87
6407.65
6423.33
6437.09
6452.76
6466.1
6481.78
6493.34
6509.01
6518.58
6534.26
6545.81
6561.49
6573.71
6589.38
6600.88
6616.56
6629.29
6644.96
6653.28
6668.95
6678.82
6694.5
6706.24
6721.92
6734.88
6750.56
6759.88
6775.56
6787.13
6802.81
6813.23
6828.91
6843.48
6859.16
6872.72
6888.4
6900.06
6915.74
6925.47
6941.15
6951.99
6967.66
6981.13
6996.81
7004.47
7010.02
7010.02
7018.89
7018.89
7029.05
7029.05
7038.19
7038.19
7044.83
7044.83
7044.83
7059.58
7059.58
7067.43
7067.43
7079.42
7079.42
7089.69
7089.69
7099.82
7104.49
7104.49
7116.15
7116.15
7125.63
7125.63
7135.11
7135.11
7143.76
7143.76
7152.64
7152.64
7162.47
7162.47
7170.65
7170.65
7181.38
7181.38
7191.78
7191.78
7202.3
7202.3
7202.3
7214.76
7214.76
7227.21
7227.21
7238.59
7238.59
7249.97
7249.97
7260.24
7260.24
7268.97
7268.97
7278.66
7278.66
7290.1
7290.1
7298.37
7298.37
7308.42
7308.42
7318.16
7318.16
7328.91
7328.91
7339.31
7339.31
7349.29
7349.29
7361.14
7361.14
7371.99
7371.99
7382.24
7382.24
7392.43
7392.43
7400.49
7400.49
7411.31
7411.31
7420.67
7420.67
7431.14
7431.14
7441.58
7441.58
7452.15
7452.15
7462.39
7462.39
7471.9
7471.9
7482.79
7482.79
7491.13
7491.13
7501.55
7501.55
7512.53
7512.53
7524.64
7524.64
7535.1
7535.1
7545.05
7545.05
7554.88
7554.88
7566.21
7575.19
7575.19
7583.09
7583.09
7590.85
7590.85
7600.8
7600.8
7612.24
7612.24
7623.57
7623.57
7633.84
7633.84
7643.83
7643.83
7652.02
7652.02
7660.59
7660.59
7670.84
7670.84
7680.74
7680.74
7691.74
7691.74
7702.11
7702.11
7713.27
7713.27
7721.21
7721.21
7730.85
7730.85
7740.17
7740.17
7750.65
7750.65
7761.27
7761.27
7771.77
7771.77
7780.78
7780.78
7791.68
7791.68
7800.76
7800.76
7811.08
7811.08
7822.04
7822.04
7832.58
7832.58
7842.73
7842.73
7853.02
7853.02
7863.16
7863.16
7876.22
7876.22
7886.56
7886.56
7894.84
7894.84