114
116
114
111
110
110
106
106
105
105
104
104
103
103
102
102
105
106
105
104
104
104
104
105
105
106
107
109
109
110
111
111
111
111
111
110
108
107
108
108
109
110
110
110
105
105
102
101
103
105
105
107
107
107
106
106
106
106
107
108
107
106
107
108
110
110
109
109
107
107
107
109
108
107
106
105
104
103
103
104
104
103
101
100
100
101
101
102
101
102
102
103
103
102
102
104
104
106
108
108
108
109
106
105
104
104
101
99
99
100
102
104
104
102
102
96
94
95
96
97
98
99
100
101
102
104
106
106
106
106
106
106
107
108
107
107
107
108
109
110
111
111
109
103
101
99
99
99
102
103
105
108
108
106
104
103
102
104
104
105
105
106
108
110
110
109
108
107
106
106
106
106
107
108
108
109
110
111
112
112
111
111
111
110
109
112
121
124
127
130
132
135
137
139
142
142
146
146
147
147
148
148
148
148
149
149
150
149
150
151
152
152
153
153
154
155
156
156
157
158
158
161
161
163
163
164
165
165
165
167
168
168
168
167
168
170
170
171
171
171
171
171
171
171
171
173
173
173
173
173
173
172
173
173
173
172
172
172
172
172
172
172
173
173
174
174
174
175
176
176
176
177
177
177
177
178
178
178
178
178
178
177
177
177
177
177
177
177
177
177
178
178
179
179
179
179
180
180
180
181
181
181
180
180
179
179
179
178
179
179
178
179
179
179
180
180
181
181
181
181
181
181
180
180
180
180
180
180
180
181
181
181
182
182
182
181
181
181
180
180
180
179
180
180
181
181
182
181
181
181
180
180
180
179
180
180
180
181
181
181
182
182
183
183
183
183
184
183
183
182
181
181
180
180
179
179
178
178
177
177
177
176
176
175
175
174
174
174
173
172
171
171
170
169
169
169
169
169
168
167
166
165
165
165
165
165
166
165
165
164
162
161
160
159
159
159
159
159
159
159
159
158
158
157
158
158
159
158
156
154
153
152
151
151
151
151
152
153
153
150
149
149
148
148
148
148
148
148
147
146
146
145
146
146
147
147
147
146
146
145
146
146
146
146
145
144
144
143
142
142
143
145
145
146
146
145
144
143
142
142
141
141
141
141
140
140
139
137
137
137
138
138
139
140
139
138
137
136
137
137
137
138
138
138
137
136
135
135
134
135
135
136
136
136
135
135
135
135
135
134
134
135
135
136
136
136
135
134
134
134
134
135
136
136
136
136
135
135
134
134
134
135
138
138
140
140
143
143
145
147
148
149
151
152
154
156
157
159
159
161
163
163
163
167
168
169
170
170
172
173
173
173
174
174
175
176
177
176
176
177
177
178
179
179
179
180
180
180
181
181
181
182
182
182
182
182
182
182
183
183
183
183
183
184
184
184
185
185
185
186
186
186
186
186
186
186
185
186
186
187
187
187
186
187
187
187
186
187
187
187
188
187
187
187
187
188
188
188
187
187
188
188
188
188
189
189
188
188
188
188
187
188
189
189
189
189
190
189
189
189
190
190
189
190
190
190
189
189
190
189
189
190
190
189
189
190
190
190
190
190
190
190
191
191
191
190
191
191
191
191
191
191
192
192
191
191
192
192
192
191
192
191
191
191
191
191
191
191
191
191
191
191
192
191
191
192
192
191
192
192
192
192
192
192
192
192
190
189
189
189
188
188
187
186
186
185
185
183
183
182
182
181
180
180
180
178
177
176
176
175
174
174
174
174
173
172
172
172
171
169
168
168
167
166
166
166
166
166
165
165
163
162
160
160
159
158
157
157
157
156
156
156
156
155
154
154
152
152
152
152
153
154
151
151
150
150
150
150
149
148
148
148
147
147
147
147
147
146
146
144
143
143
143
143
143
143
143
143
143
142
142
141
140
140
139
139
138
138
138
138
138
137
137
137
136
136
136
136
136
136
136
136
136
136
136
135
135
135
135
135
136
136
136
135
134
135
135
135
135
135
134
134
133
133
133
132
132
132
132
132
132
131
131
131
130
130
131
131
132
133
133
133
132
132
132
132
131
131
131
131
131
131
131
131
130
130
130
130
130
130
129
129