0
0
0
0
0
0
1.1
1.9
2.1
2.1
2.6
2.9
3.1
3.2
3.3
3.4
3.3
3.3
3.3
3.3
3.3
3.3
3.3
3.2
3.2
3.3
3.4
3.5
3.5
3.6
3.7
3.8
3.9
3.8
3.7
3.8
3.8
3.6
3.5
3.3
3.3
3.3
3.4
3.4
3.5
3.6
3.7
3.8
3.6
3.5
3.5
3.5
3.4
3.4
3.4
3.5
3.4
3.4
3.4
3.4
3.4
3.4
3.3
3.3
3.2
3.1
3.2
3.2
3.2
3.2
3.2
3.2
3.2
3.2
3.2
3.2
3.2
3.3
3.3
3.3
3.2
3.1
3
2.9
2.9
3.1
3.1
3.2
3.2
3.2
3.2
3.2
3.2
3.1
3
3.1
3.1
3.1
3.1
3.1
3.1
3.2
3.3
3.2
3.2
3.1
3.1
3
3
3
3
3.2
3.3
3.4
3.5
3.5
3.5
3.4
3.3
3.3
3.3
3.3
3.3
3.4
3.6
3.6
3.7
3.6
3.5
3.4
3.4
3.3
3.3
3.3
3.2
3.2
3.2
3.2
3.3
3.3
3.3
3.4
3.4
3.4
3.5
3.5
3.5
3.4
3.4
3.4
3.3
3.3
3.4
3.4
3.4
3.3
3.3
3.3
3.3
3.4
3.4
3.4
3.4
3.3
3.3
3.3
3.4
3.5
3.4
3.4
3.4
3.4
3.5
3.5
3.5
3.4
3.3
3.3
3.3
3.3
3.3
3.4
3.4
3.6
3.7
3.6
4.32
4.32
4.32
4.44
4.56
6.96
8.64
9.84
10.68
10.68
10.68
10.68
10.68
10.56
10.44
10.32
10.2
10.32
10.32
10.68
10.92
10.92
10.92
10.92
10.92
10.56
10.32
10.44
10.56
10.32
10.2
9.72
9.48
9.72
9.84
10.2
10.56
10.68
10.68
10.8
10.8
10.68
10.56
10.56
10.68
10.68
10.68
10.8
10.8
10.92
10.92
10.92
10.8
10.8
10.68
10.8
10.92
11.04
11.16
11.16
11.16
10.8
10.56
10.56
10.44
10.8
11.04
10.92
10.8
10.68
10.56
10.68
10.8
10.68
10.56
10.44
10.56
10.56
10.8
10.92
11.04
11.16
11.28
11.28
10.92
10.68
10.56
10.44
10.44
10.68
10.8
10.8
10.8
10.8
10.8
10.8
10.8
10.92
10.92
10.8
10.8
10.68
10.56
10.08
9.84
10.08
10.2
10.44
10.56
10.56
10.56
10.8
10.92
11.04
11.04
10.8
10.68
10.32
10.08
9.84
9.72
9.84
9.96
9.96
9.96
10.32
10.44
10.68
10.92
10.92
10.92
10.8
10.68
10.44
10.32
10.32
10.2
10.2
10.2
10.32
10.32
10.56
10.68
10.68
10.8
10.8
10.8
10.68
10.56
10.56
10.56
10.56
10.56
10.56
10.68
10.8
10.8
10.8
10.8
10.68
10.56
10.56
10.56
10.44
10.32
10.44
10.44
10.56
10.68
10.68
10.68
10.44
10.56
10.56
10.44
10.32
9.6
9.12
8.16
7.44
6.6
6
5.88
5.88
5.64
5.4
5.4
5.4
5.28
5.16
5.52
5.88
6.24
6.24
5.16
4.56
3.96
3.6
3.6
3.6
3.84
4.08
4.08
4.08
3.96
3.84
3.84
3.72
3.6
3.48
3.6
3.72
3.84
3.96
3.84
3.72
3.72
3.6
3.6
3.6
3.84
3.96
3.6
3.48
3.48
3.48
3.6
3.72
3.72
3.72
3.72
3.72
3.84
3.84
3.96
4.2
4.08
3.96
3.96
3.84
4.08
4.2
4.08
4.08
4.08
4.2
3.96
3.84
3.6
3.48
3.84
3.96
3.72
3.6
3.84
3.84
3.84
3.84
3.84
3.84
3.84
3.84
3.84
3.84
3.84
3.84
3.84
3.84
3.72
3.72
3.72
3.72
3.72
3.72
3.84
3.96
3.96
3.96
3.84
3.84
3.84
3.72
3.84
3.84
3.84
3.96
4.08
4.2
4.08
3.96
4.08
4.08
4.2
4.2
4.08
4.08
3.96
3.96
4.08
4.08
4.08
4.08
3.96
3.96
3.96
4.08
4.08
4.08
4.08
3.84
3.72
3.84
3.84
4.08
4.2
4.32
4.44
4.32
4.2
4.2
4.2
4.08
3.96
3.72
3.48
3.6
3.72
3.84
3.84
3.96
3.96
3.96
3.96
3.96
3.84
3.84
3.84
3.84
3.84
3.84
3.84
3.84
3.84
3.84
3.84
3.84
3.84
3.96
4.08
4.32
4.44
4.32
4.2
4.08
3.96
3.96
3.96
3.96
4.08
4.2
4.2
4.32
4.32
4.32
4.2
4.32
4.44
5.52
6.12
8.4
9.84
10.92
11.28
11.52
11.52
11.52
11.4
11.28
11.52
11.76
11.64
11.64
11.64
11.64
11.88
12
12
12.12
11.76
11.52
12
12.24
12.24
12.24
12.48
12.6
12.48
12.36
12.72
12.84
12.6
12.48
12.48
12.36
12.36
12.36
12.24
12.12
12
12
12.12
12.12
12
11.88
11.76
11.52
11.4
11.28
11.16
11.28
11.28
11.4
11.52
11.4
11.28
11.28
11.28
11.28
11.28
11.4
11.4
11.4
11.28
11.04
10.8
10.8
10.92
10.68
10.56
11.52
12.24
12.12
12
11.52
11.16
10.8
10.68
10.56
10.44
10.56
10.56
10.44
10.56
10.68
10.8
10.92
10.8
10.68
9.6
8.88
8.64
8.52
9.36
9.84
9.96
10.08
10.08
9.96
9.72
9.6
9.96
10.32
10.2
10.2
10.08
10.08
10.32
10.44
10.32
10.2
10.08
10.08
10.08
10.08
10.2
10.32
10.44
10.44
10.44
10.44
10.56
10.56
10.32
10.2
10.32
10.32
10.56
10.8
10.8
10.8
10.32
10.08
10.08
10.08
10.08
10.2
10.2
10.2
10.44
10.56
10.32
10.08
9.84
9.72
9.96
10.08
10.44
10.8
10.68
10.56
10.56
10.56
10.32
10.2
10.56
10.68
10.92
11.04
11.04
11.04
10.8
10.68
10.56
10.56
10.68
10.68
10.2
9.96
7.92
6.48
5.76
5.16
5.16
5.04
5.04
5.04
4.56
4.32
4.32
4.32
4.32
4.08
3.96
3.96
3.96
3.96
3.96
4.08
3.96
3.96
4.2
4.44
4.32
4.32
4.2
4.2
3.96
3.96
3.84
3.72
3.72
3.84
3.6
3.48
3.6
3.72
3.72
3.72
3.72
3.84
3.84
3.84
3.84
3.84
3.96
3.96
3.96
3.96
4.08
3.96
3.96
3.84
3.84
3.84
3.84
3.96
4.08
3.84
3.72
3.84
3.96
4.08
4.08
4.2
4.2
4.2
4.2
4.2
4.2
4.08
4.08
4.08
4.08
4.08
3.96
4.08
4.08
3.96
3.84
3.96
4.08
4.08
3.96
3.96
4.08
4.08
3.96
4.08
4.08
4.08
4.08
4.08
4.08
4.08
4.2
3.84
3.72
3.84
3.84
4.08
4.08
4.08
4.08
3.96
3.96
3.96
3.84
3.84
3.84
3.84
3.96
3.96
3.72
3.6
3.36
3.12
3.24
3.36
3.48
3.6
3.72
3.84
3.84
3.96
3.96
3.96
3.84
3.84
3.72
3.6
3.72
3.72
3.72
3.72
3.84
3.96
3.96
3.96
4.08
4.08
3.84
3.72
3.6
3.48
3.48
3.48
3.6
3.6
3.72
3.72
3.72
3.72
3.72
3.6
3.84
3.96
3.96
3.96
3.84
3.84
3.84
3.84
3.84
3.84
3.84
3.72
3.72
3.6
3.48
3.36
3.72
3.96
3.96
3.96
3.36
3.36